0.9826775708308657
0.9745197166755459
0.971771131386404
0.9717362083789544
0.9727305385933243
0.9741982886057978
0.9758723809884177
0.9776401727572954
0.9794223382157087
0.9811821882444747
0.9829073078869056
0.9845538569145509
0.986124804869207
0.9876220212918488
0.989047050410648
0.9903722470573827
0.9916234194064045
0.9927710460843807
0.9938367127465354
0.994802811541434
0.995683050417635
0.9964736215141956
0.9971793499736813
0.9977912398377352
0.9983195928112176
0.9987600404088194
0.999122586922465
0.9994086138816782
0.9996122148287336
0.9997385425568189
0.9997897089692972
0.9997664290137643
0.9996723607716068
0.9995047735636482
0.9992629802982045
0.9989488947391649
0.9985793358768401
0.9981453519111336
0.9976495410246367
0.9970823439799499
0.9964305989594415
0.9957480989937249
0.9949929682537452
0.9941634110836162
0.9932573840600588
0.9923075485727306
0.9912670421508962
0.9901292878790697
0.9889079131290556
0.987667722092497
0.9863452090659824
0.9849742525864007
0.9835724056533728
0.9821047051622345
0.9805539946861058
0.9789586057417491
0.9772854986990406
0.975607928703217
0.973827118515489
0.9720273998750538
0.9701787761892419
0.9682673685021383
0.9662902859220095
0.9642987416018229
0.9622100664386125
0.9600972227076107
0.9579663780723372
0.9556813134864462
0.9534256391083886
0.9510661752527078
0.9486644612584091
0.9461661773911527
0.9436498064922827
0.9410864823371553
0.9385185312345152
0.9358295233517421
0.9330799009873446
0.9303675374225729
0.9275892140408053
0.9246592764627667
0.921655701513604
0.9187280623488366
0.9157094166964356
0.9127092433220791
0.9097744613710348
0.9066243182948911
0.9034704337591194
0.9002117934964637
0.8969217280191478
0.8936445227312398
0.8903358947090864
0.88705777012743
0.8834650535708263
0.8799369340283726
0.876549387292246
0.8729709711117793
0.8692253227880333
0.8655179441678937
0.8619809247470847
0.8582336326819859
0.8544707644980507
0.8506693440572369
0.8468908817903215
0.8429056454249595
0.8391389890671099
0.8350928563162443
0.8312256218616126
0.8274716776923586
0.8235738497043134
0.819691385075749
0.8158728381152288
0.8120456954909309
0.8081339193400514
0.8040715470056701
0.8002191212665921
0.7964256027218087
0.7925546511903405
0.7882955583282123
0.784335439309958
0.7804920842744569
0.7764657999384602
0.772464848516192
0.7687852699527422
0.7647588525718451
0.7608329192271329
0.756747312620065
0.7528319811343268
0.7489005114306067
0.7447762456278878
0.7408467863905761
0.737113849715322
0.7332361689507978
0.7292630616798108
0.7253674924808694
0.7215849143756514
0.71754797488423
0.7135396329699635
0.7096258756537807
0.7056248602719497
0.7018188246306998
0.6979547327351019
0.6942033974116492
0.6907111679123286
0.6869487714063582
0.6832067677093994
0.6797381839505929
0.6759646075521419
0.6721797644752612
0.6684556056181278
0.6646799351673307
0.6610657813991342
0.6574128158700393
0.6538802299422843
0.6504078323462051
0.6466595259286501
0.6428790345889186
0.6391121846748504
0.6353730849722007
0.6319481286330131
0.6281882869424609
0.6244452245010123
0.6208342138054035
0.6168580368779895
0.6131124310780389
0.6092689461342895
0.6055108607152883
0.601977116606308
0.5978858415883614
0.5941458870970799
0.5907537163082084
0.5871226632556242
0.5834505857314785
0.5798481675383462
0.576500707930752
0.5730580829629502
0.5697770013895145
0.565820987206002
0.5624486468166031
0.5588707257638775
0.5551356250693055
0.5515741986753226
0.5479776039556938
0.5445193018007586
0.5407703625222129
0.5372221241312671
0.533600097620959
0.5301962651433046
0.5268937910509296
0.5236265981729178
0.5203097606892769
0.5166649089205817
0.5132145004587012
0.5100101199712197
0.5064532932770085
0.5026619967412005
0.4990313893754831
0.49548131533086726
0.49260912318365235
0.48918166090864534
0.4858103518642971
